

oppgave 1 a)
Sample mean array
[[ 662.5323741  2257.43884892 2839.11510791]
 [ 891.25179856 1474.30935252 2770.64028777]
 [ 766.89928058 1145.5323741  2746.87769784]
 [ 686.21582734 2050.05035971 2953.83453237]
 [ 526.03597122 2425.50359712 2869.37410072]
 [ 528.71223022 1564.48920863 1729.56834532]
 [ 476.07194245 2322.58273381 3053.58273381]
 [ 411.56834532 2725.35971223 3058.98561151]
 [ 551.15107914 1013.15827338 2767.48920863]
 [ 519.88489209 1286.00719424 2783.23021583]
 [ 707.92086331 1369.35971223 2860.99280576]
 [ 444.69064748 1157.50359712 2675.79136691]] 



oppgave 1 b)
Confusion matix for the classifier with full covariance matix
    ae  ah  aw  eh  ei  er  ih  iy  oa  oo  uh  uw
ae  34   0   0  13  10  10   0   0   0   0   0   0
ah   0  49   7   0   0   0   0   0   0   0   4   0
aw   0   6  47   0   0   0   0   0   0   0   5   0
eh  26   0   0  52   3   2   0   0   0   0   0   0
ei   7   0   0   0  12   0   6   3   0   0   0   2
er   0   0   1   3   0  57   0   0   0   1   0   1
ih   2   0   0   1  36   0  61   6   0   0   0   1
iy   0   0   0   0   8   0   2  60   0   0   0   0
oa   0   0   1   0   0   0   0   0  49   4   4  11
oo   0   0   0   0   0   0   0   0   3  49   2  13
uh   0  14  13   0   0   0   0   0   8   3  54   0
uw   0   0   0   0   0   0   0   0   9  12   0  41
err_t = 0.3176328502415459


oppgave 1 c
Confusion matix for the classifier with diagonal covariance matrix
    ae  ah  aw  eh  ei  er  ih  iy  oa  oo  uh  uw
ae  34   0   0  10   8   1   0   0   0   0   0   0
ah   0  43  13   0   0   0   0   0   0   0   9   0
aw   0  11  31   0   0   0   0   0   0   0   8   0
eh  22   0   0  45   1   3   0   0   0   2   2   0
ei   7   0   0   0  16   1  12   1   0   0   0   0
er   4   0   1  12   3  62   0   0   0   2   0   1
ih   1   0   0   1  33   0  54  12   0   0   0   4
iy   1   0   0   0   8   0   2  56   0   0   0   0
oa   0   0  16   0   0   0   0   0  43   6  14  11
oo   0   0   0   0   0   0   0   0   2  31   2  14
uh   0  15   8   1   0   2   0   0   9   8  34   0
uw   0   0   0   0   0   0   1   0  15  20   0  39
err_t = 0.4106280193236715

