    ae  ah  aw  eh  ei  er  ih  iy  oa  oo  uh  uw
ae  40   0   0  17   4   2   0   0   0   0   0   0
ah   0  50   7   0   0   0   0   0   0   0   3   0
aw   0   7  46   0   0   0   0   0   1   0  10   0
eh  19   0   0  49   1   2   0   0   0   1   1   0
ei   8   0   1   1  40   0   7   7   0   0   0   0
er   0   0   0   0   0  65   0   0   0   0   0   1
ih   2   0   0   1  16   0  53   5   0   0   0   1
iy   0   0   0   0   8   0   9  57   0   0   0   0
oa   0   3   7   0   0   0   0   0  47   7   4  12
oo   0   0   0   0   0   0   0   0   1  47   2  12
uh   0   9   8   1   0   0   0   0   6   3  49   0
uw   0   0   0   0   0   0   0   0  14  11   0  43
0.2922705314009662
